 k   M = 2^k     h = M^(-1)       Sup-Norm     Rate     One-Norm     Rate     Two-Norm     Rate 

 7     128      0.0078125000    0.3989628310   0.41   0.0713626504   0.86   0.1272258656   0.62 
 8     256      0.0039062500    0.1881915704   1.08   0.0240350988   1.57   0.0513556117   1.31 
 9     512      0.0019531250    0.0533694673   1.82   0.0062677409   1.94   0.0142791942   1.85 
10     1024     0.0009765625    0.0131814068   2.02   0.0015787145   1.99   0.0036147131   1.98 
11     2048     0.0004882812    0.0032696763   2.01   0.0003949953   2.00   0.0009049003   2.00 
12     4096     0.0002441406    0.0008155123   2.00   0.0000987593   2.00   0.0002262615   2.00 
13     8192     0.0001220703    0.0002037508   2.00   0.0000246903   2.00   0.0000565666   2.00 
14    16384     0.0000610352    0.0000509297   2.00   0.0000061726   2.00   0.0000141417   2.00 
15    32768     0.0000305176    0.0000127319   2.00   0.0000015431   2.00   0.0000035354   2.00 
16    65536     0.0000152588    0.0000031829   2.00   0.0000003858   2.00   0.0000008839   2.00 

Speed:          a = 3.0 
CFL Number: sigma = 0.9 
Output Time:    T = 9.0