 k   M = 2^k     h = M^(-1)       Sup-Norm     Rate     One-Norm     Rate     Two-Norm     Rate 

 7     128      0.0078125000    0.7950834981   0.10   0.1419189117   0.17   0.2237442871   0.12 
 8     256      0.0039062500    0.7160623606   0.15   0.1197559055   0.24   0.2001563620   0.16 
 9     512      0.0019531250    0.6136870665   0.22   0.0949691463   0.33   0.1695713640   0.24 
10     1024     0.0009765625    0.4903596123   0.32   0.0696631633   0.45   0.1328572889   0.35 
11     2048     0.0004882812    0.3578394447   0.45   0.0467297068   0.58   0.0944322453   0.49 
12     4096     0.0002441406    0.2358388458   0.60   0.0286673762   0.70   0.0605506964   0.64 
13     8192     0.0001220703    0.1413221899   0.74   0.0163047850   0.81   0.0354727109   0.77 
14    16384     0.0000610352    0.0786930630   0.84   0.0087830999   0.89   0.0194509865   0.87 
15    32768     0.0000305176    0.0417615315   0.91   0.0045731841   0.94   0.0102282587   0.93 
16    65536     0.0000152588    0.0215485489   0.95   0.0023356105   0.97   0.0052511682   0.96 

Speed:          a = 3.0 
CFL Number: sigma = 0.9 
Output Time:    T = 9.0