 k   M = 2^k     h = M^(-1)       Sup-Norm     Rate     One-Norm     Rate     Two-Norm     Rate 

 7     128      0.0078125000    0.1824152458   1.15   0.0255033769   1.40   0.0502618221   1.22 
 8     256      0.0039062500    0.0460181345   1.99   0.0052922808   2.27   0.0116598461   2.11 
 9     512      0.0019531250    0.0071131906   2.69   0.0007500865   2.82   0.0017196867   2.76 
10     1024     0.0009765625    0.0009218245   2.95   0.0000955928   2.97   0.0002206574   2.96 
11     2048     0.0004882812    0.0001157873   2.99   0.0000119783   3.00   0.0000276779   3.00 
12     4096     0.0002441406    0.0000144825   3.00   0.0000014978   3.00   0.0000034613   3.00 
13     8192     0.0001220703    0.0000018105   3.00   0.0000001872   3.00   0.0000004327   3.00 
14    16384     0.0000610352    0.0000002263   3.00   0.0000000234   3.00   0.0000000541   3.00 
15    32768     0.0000305176    0.0000000283   3.00   0.0000000029   3.00   0.0000000068   3.00 
16    65536     0.0000152588    0.0000000035   3.00   0.0000000004   3.00   0.0000000008   3.00 

Speed:          a = 3.0 
CFL Number: sigma = 0.5 
Output Time:    T = 9.0