 k   M = 2^k     h = M^(-1)       Sup-Norm     Rate     One-Norm     Rate     Two-Norm     Rate 

 7     128      0.0078125000    0.1422604935   1.05   0.0193328800   1.41   0.0411131576   1.24 
 8     256      0.0039062500    0.0439781581   1.69   0.0052813802   1.87   0.0119861873   1.78 
 9     512      0.0019531250    0.0110933211   1.99   0.0013326304   1.99   0.0030508447   1.97 
10     1024     0.0009765625    0.0027541859   2.01   0.0003329291   2.00   0.0007627853   2.00 
11     2048     0.0004882812    0.0006868843   2.00   0.0000831881   2.00   0.0001905944   2.00 
12     4096     0.0002441406    0.0001715902   2.00   0.0000207933   2.00   0.0000476390   2.00 
13     8192     0.0001220703    0.0000428888   2.00   0.0000051981   2.00   0.0000119091   2.00 
14    16384     0.0000610352    0.0000107217   2.00   0.0000012995   2.00   0.0000029772   2.00 
15    32768     0.0000305176    0.0000026804   2.00   0.0000003249   2.00   0.0000007443   2.00 
16    65536     0.0000152588    0.0000006701   2.00   0.0000000812   2.00   0.0000001861   2.00 

Speed:          a = 3.0 
CFL Number: sigma = 0.9 
Output Time:    T = 9.0