 k   M = 2^k     h = M^(-1)       Sup-Norm     Rate     One-Norm     Rate     Two-Norm     Rate 

 7     128      0.0078125000    0.2629874439   0.96   0.0260197033   1.41   0.0618186054   1.16 
 8     256      0.0039062500    0.0964580298   1.45   0.0072954283   1.83   0.0181289788   1.77 
 9     512      0.0019531250    0.0280281613   1.78   0.0011015875   2.73   0.0034219408   2.41 
10     1024     0.0009765625    0.0081713964   1.78   0.0001695241   2.70   0.0007120471   2.26 
11     2048     0.0004882812    0.0024858014   1.72   0.0000305913   2.47   0.0001656588   2.10 
12     4096     0.0002441406    0.0007770653   1.68   0.0000054369   2.49   0.0000397000   2.06 
13     8192     0.0001220703    0.0002431657   1.68   0.0000009499   2.52   0.0000094473   2.07 
14    16384     0.0000610352    0.0000767288   1.66   0.0000001669   2.51   0.0000022604   2.06 
15    32768     0.0000305176    0.0000240350   1.67   0.0000000294   2.50   0.0000005361   2.08 
16    65536     0.0000152588    0.0000075631   1.67   0.0000000052   2.49   0.0000001278   2.07 

Speed:          a = 3.0 
CFL Number: sigma = 0.5 
Output Time:    T = 9.0