 k   M = 2^k     h = M^(-1)       Sup-Norm     Rate     One-Norm     Rate     Two-Norm     Rate 

 7     128      0.0078125000    0.2159505107   1.03   0.0318519030   1.24   0.0620424223   1.06 
 8     256      0.0039062500    0.0653558809   1.72   0.0080335898   1.99   0.0177580080   1.80 
 9     512      0.0019531250    0.0137693731   2.25   0.0015999429   2.33   0.0037136893   2.26 
10     1024     0.0009765625    0.0029571719   2.22   0.0003519593   2.18   0.0008125008   2.19 
11     2048     0.0004882812    0.0006998991   2.08   0.0000844250   2.06   0.0001938709   2.07 
12     4096     0.0002441406    0.0001724225   2.02   0.0000208716   2.02   0.0000478474   2.02 
13     8192     0.0001220703    0.0000429421   2.01   0.0000052030   2.00   0.0000119222   2.00 
14    16384     0.0000610352    0.0000107250   2.00   0.0000012998   2.00   0.0000029780   2.00 
15    32768     0.0000305176    0.0000026806   2.00   0.0000003249   2.00   0.0000007444   2.00 
16    65536     0.0000152588    0.0000006701   2.00   0.0000000812   2.00   0.0000001861   2.00 

Speed:          a = 3.0 
CFL Number: sigma = 0.2 
Output Time:    T = 9.0