 k   M = 2^k     h = M^(-1)       Sup-Norm     Rate     One-Norm     Rate     Two-Norm     Rate 

 7     128      0.0078125000    0.1467214552   1.20   0.0143210688   1.40   0.0347256642   1.28 
 8     256      0.0039062500    0.0522042784   1.49   0.0050678198   1.50   0.0121035935   1.52 
 9     512      0.0019531250    0.0201299691   1.37   0.0015815309   1.68   0.0039337268   1.62 
10     1024     0.0009765625    0.0101661381   0.99   0.0004569721   1.79   0.0012585256   1.64 
11     2048     0.0004882812    0.0044495357   1.19   0.0001228563   1.90   0.0003896009   1.69 
12     4096     0.0002441406    0.0018528349   1.26   0.0000317401   1.95   0.0001192420   1.71 
13     8192     0.0001220703    0.0007498222   1.31   0.0000081332   1.96   0.0000365256   1.71 
14    16384     0.0000610352    0.0003001622   1.32   0.0000020615   1.98   0.0000112432   1.70 
15    32768     0.0000305176    0.0001198240   1.32   0.0000005202   1.99   0.0000034795   1.69 
16    65536     0.0000152588    0.0000477130   1.33   0.0000001308   1.99   0.0000010817   1.69 

Speed:          a = 3.0 
CFL Number: sigma = 0.9 
Output Time:    T = 9.0