 k   M = 2^k     h = M^(-1)       Sup-Norm     Rate     One-Norm     Rate     Two-Norm     Rate 

 7     128      0.0078125000    0.7089342882   0.16   0.1179288864   0.25   0.1980353827   0.17 
 8     256      0.0039062500    0.6047376883   0.23   0.0929838835   0.34   0.1668926867   0.25 
 9     512      0.0019531250    0.4801327257   0.33   0.0677528530   0.46   0.1298440918   0.36 
10     1024     0.0009765625    0.3476734139   0.47   0.0451220823   0.59   0.0915486672   0.50 
11     2048     0.0004882812    0.2273325052   0.61   0.0275008306   0.71   0.0582502871   0.65 
12     4096     0.0002441406    0.1353244789   0.75   0.0155625796   0.82   0.0339176273   0.78 
13     8192     0.0001220703    0.0750053865   0.85   0.0083554683   0.90   0.0185225744   0.87 
14    16384     0.0000610352    0.0396926463   0.92   0.0043420388   0.94   0.0097165418   0.93 
15    32768     0.0000305176    0.0204489591   0.96   0.0022151967   0.97   0.0049818422   0.96 
16    65536     0.0000152588    0.0103828999   0.98   0.0011190692   0.99   0.0025231675   0.98 

Speed:          a = 3.0 
CFL Number: sigma = 0.9 
Output Time:    T = 9.0