 k   M = 2^k     h = M^(-1)       Sup-Norm     Rate     One-Norm     Rate     Two-Norm     Rate 

 7     128      0.0078125000    0.1635578125   0.31   0.0128721836   0.92   0.0268177718   0.66 
 8     256      0.0039062500    0.1309426066   0.32   0.0067842499   0.92   0.0170224425   0.66 
 9     512      0.0019531250    0.1045387329   0.32   0.0035469778   0.94   0.0108125733   0.65 
10     1024     0.0009765625    0.0833038559   0.33   0.0018512627   0.94   0.0068704894   0.65 
11     2048     0.0004882812    0.0662996590   0.33   0.0009651746   0.94   0.0043658587   0.65 
12     4096     0.0002441406    0.0527220159   0.33   0.0005022697   0.94   0.0027738058   0.65 
13     8192     0.0001220703    0.0419009877   0.33   0.0002609542   0.94   0.0017617130   0.65 
14    16384     0.0000610352    0.0332878903   0.33   0.0001354232   0.95   0.0011184055   0.66 
15    32768     0.0000305176    0.0264381282   0.33   0.0000702086   0.95   0.0007096433   0.66 
16    65536     0.0000152588    0.0209939075   0.33   0.0000363559   0.95   0.0004500328   0.66 

Speed:          a = 3.0 
CFL Number: sigma = 0.9 
Output Time:    T = 9.0