 k   M = 2^k     h = M^(-1)       Sup-Norm     Rate     One-Norm     Rate     Two-Norm     Rate 

 7     128      0.0078125000    0.1472256412   0.35   0.0061596035   1.11   0.0174900753   0.77 
 8     256      0.0039062500    0.1148673812   0.36   0.0028706554   1.10   0.0103398536   0.76 
 9     512      0.0019531250    0.0894969238   0.36   0.0013467817   1.09   0.0061594671   0.75 
10     1024     0.0009765625    0.0697209830   0.36   0.0006367803   1.08   0.0037026673   0.73 
11     2048     0.0004882812    0.0543628587   0.36   0.0003047970   1.06   0.0022487664   0.72 
12     4096     0.0002441406    0.0424606796   0.36   0.0001483719   1.04   0.0013809335   0.70 
13     8192     0.0001220703    0.0332432100   0.35   0.0000732816   1.02   0.0008575830   0.69 
14    16384     0.0000610352    0.0260996639   0.35   0.0000367339   1.00   0.0005382513   0.67 
15    32768     0.0000305176    0.0205511043   0.34   0.0000186474   0.98   0.0003409327   0.66 
16    65536     0.0000152588    0.0162259612   0.34   0.0000095708   0.96   0.0002174802   0.65 

Speed:          a = 3.0 
CFL Number: sigma = 0.2 
Output Time:    T = 9.0