 k   M = 2^k     h = M^(-1)       Sup-Norm     Rate     One-Norm     Rate     Two-Norm     Rate 

 7     128      0.0078125000    0.4959669593   0.04   0.0733873127   0.70   0.1389981478   0.37 
 8     256      0.0039062500    0.5100625543   0.04   0.0443992024   0.72   0.1080704819   0.36 
 9     512      0.0019531250    0.5240788660   0.04   0.0268546587   0.73   0.0842146040   0.36 
10     1024     0.0009765625    0.5382028106   0.04   0.0163369033   0.72   0.0658320947   0.36 
11     2048     0.0004882812    0.5525151746   0.04   0.0100110049   0.71   0.0516678375   0.35 
12     4096     0.0002441406    0.5669563928   0.04   0.0061950975   0.69   0.0407441004   0.34 
13     8192     0.0001220703    0.5813047104   0.04   0.0038746628   0.68   0.0322996939   0.34 
14    16384     0.0000610352    0.5951844834   0.03   0.0024526668   0.66   0.0257435576   0.33 
15    32768     0.0000305176    0.6081261563   0.03   0.0015706428   0.64   0.0206200201   0.32 
16    65536     0.0000152588    0.6196793226   0.03   0.0010159510   0.63   0.0165825048   0.31 

Speed:          a = 3.0 
CFL Number: sigma = 0.2 
Output Time:    T = 9.0