 k   M = 2^k     h = M^(-1)       Sup-Norm     Rate     One-Norm     Rate     Two-Norm     Rate 

 7     128      0.0078125000    0.4594994804   0.02   0.0670421108   0.70   0.1321982313   0.37 
 8     256      0.0039062500    0.4659582972   0.02   0.0400272865   0.74   0.1020707784   0.37 
 9     512      0.0019531250    0.4713841811   0.02   0.0238054677   0.75   0.0787783349   0.37 
10     1024     0.0009765625    0.4759428618   0.01   0.0141743348   0.75   0.0607850757   0.37 
11     2048     0.0004882812    0.4797738956   0.01   0.0084274684   0.75   0.0468927731   0.37 
12     4096     0.0002441406    0.4829939999   0.01   0.0050121921   0.75   0.0361707548   0.37 
13     8192     0.0001220703    0.4857009409   0.01   0.0029822165   0.75   0.0278977240   0.37 
14    16384     0.0000610352    0.4879767016   0.01   0.0017732282   0.75   0.0215154979   0.37 
15    32768     0.0000305176    0.4898900852   0.01   0.0010546311   0.75   0.0165925770   0.37 
16    65536     0.0000152588    0.4914988670   0.00   0.0006271304   0.75   0.0127956400   0.37 

Speed:          a = 3.0 
CFL Number: sigma = 0.5 
Output Time:    T = 9.0