 k   M = 2^k     h = M^(-1)       Sup-Norm     Rate     One-Norm     Rate     Two-Norm     Rate 

 7     128      0.0078125000    0.4578056927   0.03   0.0533367053   0.75   0.1282631385   0.37 
 8     256      0.0039062500    0.4644712879   0.02   0.0316688456   0.75   0.0989343721   0.37 
 9     512      0.0019531250    0.4700935648   0.02   0.0188115215   0.75   0.0763092678   0.37 
10     1024     0.0009765625    0.4748346656   0.01   0.0111774629   0.75   0.0588531199   0.37 
11     2048     0.0004882812    0.4788283579   0.01   0.0066428440   0.75   0.0453874847   0.37 
12     4096     0.0002441406    0.4821911389   0.01   0.0039484891   0.75   0.0350016279   0.37 
13     8192     0.0001220703    0.4850210464   0.01   0.0023472116   0.75   0.0269914805   0.37 
14    16384     0.0000610352    0.4874019777   0.01   0.0013954238   0.75   0.0208142112   0.37 
15    32768     0.0000305176    0.4894050674   0.01   0.0008296262   0.75   0.0160504655   0.37 
16    65536     0.0000152588    0.4910899983   0.00   0.0004932584   0.75   0.0123768842   0.37 

Speed:          a = 3.0 
CFL Number: sigma = 0.5 
Output Time:    T = 9.0