 k   M = 2^k     h = M^(-1)       Sup-Norm     Rate     One-Norm     Rate     Two-Norm     Rate 

 7     128      0.0078125000    0.4975070542   0.07   0.3314959432   0.37   0.3414265026   0.34 
 8     256      0.0039062500    0.4931588912   0.01   0.2379329524   0.48   0.2685358432   0.35 
 9     512      0.0019531250    0.4948326290   0.00   0.1683544962   0.50   0.2221910339   0.27 
10     1024     0.0009765625    0.4963447231   0.00   0.1190512289   0.50   0.1867299416   0.25 
11     2048     0.0004882812    0.4974153277   0.00   0.0841842209   0.50   0.1570239541   0.25 
12     4096     0.0002441406    0.4981723602   0.00   0.0595280430   0.50   0.1320424008   0.25 
13     8192     0.0001220703    0.4987076634   0.00   0.0420929691   0.50   0.1110346209   0.25 
14    16384     0.0000610352    0.4990861799   0.00   0.0297643251   0.50   0.0933688835   0.25 
15    32768     0.0000305176    0.4993538316   0.00   0.0210465919   0.50   0.0785136725   0.25 
16    65536     0.0000152588    0.4995430900   0.00   0.0148822005   0.50   0.0660219133   0.25 

Speed:          a = 3.0 
CFL Number: sigma = 0.9 
Output Time:    T = 9.0