 k   M = 2^k     h = M^(-1)       Sup-Norm     Rate     One-Norm     Rate     Two-Norm     Rate 

 7     128      0.0078125000    0.6231468002   0.07   0.1271794356   0.49   0.1858599109   0.30 
 8     256      0.0039062500    0.6355023005   0.03   0.0861211989   0.56   0.1500814784   0.31 
 9     512      0.0019531250    0.6423738394   0.02   0.0570656976   0.59   0.1209895942   0.31 
10     1024     0.0009765625    0.6475141083   0.01   0.0377112162   0.60   0.0973969856   0.31 
11     2048     0.0004882812    0.6515465240   0.01   0.0248845913   0.60   0.0783150870   0.31 
12     4096     0.0002441406    0.6547170475   0.01   0.0164072442   0.60   0.0629072066   0.32 
13     8192     0.0001220703    0.6572145541   0.01   0.0108122331   0.60   0.0504841285   0.32 
14    16384     0.0000610352    0.6591848810   0.00   0.0071189620   0.60   0.0404806240   0.32 
15    32768     0.0000305176    0.6607411997   0.00   0.0046840572   0.60   0.0324347779   0.32 
16    65536     0.0000152588    0.6619717044   0.00   0.0030801463   0.60   0.0259702167   0.32 

Speed:          a = 3.0 
CFL Number: sigma = 0.9 
Output Time:    T = 9.0