 k   M = 2^k     h = M^(-1)       Sup-Norm     Rate     One-Norm     Rate     Two-Norm     Rate 

 7     128      0.0078125000    0.5600963715   0.07   0.0604742666   0.64   0.1280366077   0.31 
 8     256      0.0039062500    0.5818757613   0.06   0.0392338577   0.62   0.1033339596   0.31 
 9     512      0.0019531250    0.5999184118   0.04   0.0256966709   0.61   0.0835544258   0.31 
10     1024     0.0009765625    0.6144598601   0.03   0.0168522037   0.61   0.0676172138   0.31 
11     2048     0.0004882812    0.6259402417   0.03   0.0111024720   0.60   0.0547168773   0.31 
12     4096     0.0002441406    0.6348933288   0.02   0.0073254450   0.60   0.0442484820   0.31 
13     8192     0.0001220703    0.6418393135   0.02   0.0048322570   0.60   0.0357471069   0.31 
14    16384     0.0000610352    0.6472251341   0.01   0.0031889786   0.60   0.0288459617   0.31 
15    32768     0.0000305176    0.6514089917   0.01   0.0021050291   0.60   0.0232497487   0.31 
16    65536     0.0000152588    0.6546682817   0.01   0.0013887067   0.60   0.0187178529   0.31 

Speed:          a = 3.0 
CFL Number: sigma = 0.9 
Output Time:    T = 9.0