 k   M = 2^k          h           Sup-Norm     Rate     One-Norm     Rate     Two-Norm     Rate 

 7     128      0.0078125000    0.4924752992   0.01   0.2316238935   0.48   0.2641833197   0.34 
 8     256      0.0039062500    0.4944372041   0.01   0.1638641818   0.50   0.2191652592   0.27 
 9     512      0.0019531250    0.4960657493   0.00   0.1158759039   0.50   0.1842222951   0.25 
10     1024     0.0009765625    0.4972180563   0.00   0.0819388848   0.50   0.1549155531   0.25 
11     2048     0.0004882812    0.4980328658   0.00   0.0579403357   0.50   0.1302695255   0.25 
12     4096     0.0002441406    0.4986090250   0.00   0.0409702852   0.50   0.1095438465   0.25 
13     8192     0.0001220703    0.4990164318   0.00   0.0289704658   0.50   0.0921153094   0.25 
14    16384     0.0000610352    0.4993045121   0.00   0.0204852480   0.50   0.0774595518   0.25 
15    32768     0.0000305176    0.4995082158   0.00   0.0144852702   0.50   0.0651355092   0.25 
16    65536     0.0000152588    0.4996522560   0.00   0.0102426372   0.50   0.0547722371   0.25 

Speed:          a = 3.0 
CFL Number: sigma = 0.9 
Output Time:    T = 9.0