 k   M = 2^k     h = M^(-1)       Sup-Norm     Rate     One-Norm     Rate     Two-Norm     Rate 

 7     128      0.0078125000    0.8458120117   0.24   0.1653629990   0.62   0.3092195486   0.35 
 8     256      0.0039062500    0.8609338305   0.03   0.1021400970   0.70   0.2220154128   0.48 
 9     512      0.0019531250    0.7468664415   0.21   0.0681846831   0.58   0.1644383933   0.43 
10     1024     0.0009765625    0.5359409609   0.48   0.0468619164   0.54   0.1191473549   0.46 
11     2048     0.0004882812    0.2719122527   0.98   0.0266097325   0.82   0.0666183699   0.84 
12     4096     0.0002441406    0.1385909999   0.97   0.0134671558   0.98   0.0337208990   0.98 
13     8192     0.0001220703    0.0697279118   0.99   0.0067417572   1.00   0.0169246836   0.99 
14    16384     0.0000610352    0.0349409548   1.00   0.0033726141   1.00   0.0084749962   1.00 
15    32768     0.0000305176    0.0174857279   1.00   0.0016866822   1.00   0.0042402497   1.00 
16    65536     0.0000152588    0.0087461711   1.00   0.0008434233   1.00   0.0021207649   1.00 

Speed:          a = 3.0 
CFL Number: sigma = 0.9 
Output Time:    T = 9.0