 k   M = 2^k     h = M^(-1)       Sup-Norm     Rate     One-Norm     Rate     Two-Norm     Rate 

 7     128      0.0078125000    0.3305052957   0.14   0.0572562379   0.43   0.0766085993   0.37 
 8     256      0.0039062500    0.2905073075   0.19   0.0388539525   0.56   0.0565402077   0.44 
 9     512      0.0019531250    0.2513292576   0.21   0.0251373700   0.63   0.0410625121   0.46 
10     1024     0.0009765625    0.2153689584   0.22   0.0158050666   0.67   0.0295828886   0.47 
11     2048     0.0004882812    0.1834341378   0.23   0.0097590955   0.70   0.0212017728   0.48 
12     4096     0.0002441406    0.1556090853   0.24   0.0059547847   0.71   0.0151393531   0.49 
13     8192     0.0001220703    0.1316486804   0.24   0.0036046460   0.72   0.0107815901   0.49 
14    16384     0.0000610352    0.1111723338   0.24   0.0021702049   0.73   0.0076631814   0.49 
15    32768     0.0000305176    0.0937614307   0.25   0.0013017086   0.74   0.0054389338   0.49 
16    65536     0.0000152588    0.0790074239   0.25   0.0007787503   0.74   0.0038562488   0.50 

Speed:          a = 3.0 
CFL Number: sigma = 0.9 
Output Time:    T = 9.0