 k   M = 2^k     h = M^(-1)       Sup-Norm     Rate     One-Norm     Rate     Two-Norm     Rate 

 7     128      0.0078125000    0.3843566797   0.03   0.0939379513   0.35   0.1303840487   0.24 
 8     256      0.0039062500    0.3152132903   0.29   0.0623393101   0.59   0.0893026106   0.55 
 9     512      0.0019531250    0.2203233728   0.52   0.0372509843   0.74   0.0550767691   0.70 
10     1024     0.0009765625    0.1526944059   0.53   0.0209344439   0.83   0.0322633100   0.77 
11     2048     0.0004882812    0.1055982327   0.53   0.0113286688   0.89   0.0183355537   0.82 
12     4096     0.0002441406    0.0702766603   0.59   0.0059871806   0.92   0.0102135430   0.84 
13     8192     0.0001220703    0.0474525502   0.57   0.0030933359   0.95   0.0054753947   0.90 
14    16384     0.0000610352    0.0338243483   0.49   0.0015820437   0.97   0.0029133535   0.91 
15    32768     0.0000305176    0.0250868263   0.43   0.0008039834   0.98   0.0015464340   0.91 
16    65536     0.0000152588    0.0191288288   0.39   0.0004068336   0.98   0.0008226422   0.91 

Speed:          a = 3.0 
CFL Number: sigma = 0.9 
Output Time:    T = 9.0