 k   M = 2^k     h = M^(-1)       Sup-Norm     Rate     One-Norm     Rate     Two-Norm     Rate 

 7     128      0.0078125000    0.1407716545   0.36   0.0053994461   1.14   0.0160909850   0.78 
 8     256      0.0039062500    0.1094996756   0.36   0.0024607353   1.13   0.0093620264   0.78 
 9     512      0.0019531250    0.0849474145   0.37   0.0011222225   1.13   0.0054615927   0.78 
10     1024     0.0009765625    0.0657821818   0.37   0.0005116173   1.13   0.0031951159   0.77 
11     2048     0.0004882812    0.0508788010   0.37   0.0002333336   1.13   0.0018742080   0.77 
12     4096     0.0002441406    0.0393188022   0.37   0.0001064190   1.13   0.0011020466   0.77 
13     8192     0.0001220703    0.0303674230   0.37   0.0000486780   1.13   0.0006493750   0.76 
14    16384     0.0000610352    0.0234441141   0.37   0.0000222523   1.13   0.0003833221   0.76 
15    32768     0.0000305176    0.0180937573   0.37   0.0000101836   1.13   0.0002266066   0.76 
16    65536     0.0000152588    0.0139613759   0.37   0.0000046601   1.13   0.0001341233   0.76 

Speed:          a = 3.0 
CFL Number: sigma = 0.5 
Output Time:    T = 9.0