 k   M = 2^k     h = M^(-1)       Sup-Norm     Rate     One-Norm     Rate     Two-Norm     Rate 

 7     128      0.0078125000    0.1327869766   0.34   0.0047439466   1.06   0.0149355857   0.77 
 8     256      0.0039062500    0.1042900788   0.35   0.0022492075   1.08   0.0088602606   0.75 
 9     512      0.0019531250    0.0818410235   0.35   0.0010970136   1.04   0.0053134924   0.74 
10     1024     0.0009765625    0.0642746876   0.35   0.0005398935   1.02   0.0032248717   0.72 
11     2048     0.0004882812    0.0505568480   0.35   0.0002688834   1.01   0.0019794851   0.70 
12     4096     0.0002441406    0.0398293814   0.34   0.0001357053   0.99   0.0012268074   0.69 
13     8192     0.0001220703    0.0314172417   0.34   0.0000690272   0.98   0.0007660725   0.68 
14    16384     0.0000610352    0.0248070493   0.34   0.0000354023   0.96   0.0004810441   0.67 
15    32768     0.0000305176    0.0196042081   0.34   0.0000182453   0.96   0.0003032562   0.67 
16    65536     0.0000152588    0.0155034780   0.34   0.0000094372   0.95   0.0001916787   0.66 

Speed:          a = 3.0 
CFL Number: sigma = 0.9 
Output Time:    T = 9.0