 k   M = 2^k     h = M^(-1)       Sup-Norm     Rate     One-Norm     Rate     Two-Norm     Rate 

 7     128      0.0078125000    0.1590011920   0.36   0.0069936568   1.15   0.0193905409   0.78 
 8     256      0.0039062500    0.1229162313   0.37   0.0031185617   1.17   0.0112332776   0.79 
 9     512      0.0019531250    0.0945976175   0.38   0.0013910697   1.16   0.0064944804   0.79 
10     1024     0.0009765625    0.0725908431   0.38   0.0006224291   1.16   0.0037524926   0.79 
11     2048     0.0004882812    0.0556879961   0.38   0.0002788509   1.16   0.0021755844   0.79 
12     4096     0.0002441406    0.0426535231   0.38   0.0001251844   1.16   0.0012615845   0.79 
13     8192     0.0001220703    0.0326859815   0.38   0.0000562161   1.15   0.0007340427   0.78 
14    16384     0.0000610352    0.0250465599   0.38   0.0000253154   1.15   0.0004280135   0.78 
15    32768     0.0000305176    0.0191892815   0.38   0.0000114035   1.15   0.0002499097   0.78 
16    65536     0.0000152588    0.0147161853   0.38   0.0000051548   1.15   0.0001463853   0.77 

Speed:          a = 3.0 
CFL Number: sigma = 0.5 
Output Time:    T = 9.0