 k   M = 2^k     h = M^(-1)       Sup-Norm     Rate     One-Norm     Rate     Two-Norm     Rate 

 7     128      0.0078125000    0.1258180741   0.32   0.0047852693   1.00   0.0152176763   0.71 
 8     256      0.0039062500    0.1004568219   0.32   0.0024443384   0.97   0.0094338903   0.69 
 9     512      0.0019531250    0.0801108143   0.33   0.0012527719   0.96   0.0059119880   0.67 
10     1024     0.0009765625    0.0638341914   0.33   0.0006506771   0.95   0.0037349936   0.66 
11     2048     0.0004882812    0.0508311164   0.33   0.0003384435   0.94   0.0023725064   0.65 
12     4096     0.0002441406    0.0404529549   0.33   0.0001762856   0.94   0.0015119569   0.65 
13     8192     0.0001220703    0.0321768906   0.33   0.0000920367   0.94   0.0009651366   0.65 
14    16384     0.0000610352    0.0255825702   0.33   0.0000480569   0.94   0.0006164248   0.65 
15    32768     0.0000305176    0.0203322065   0.33   0.0000250965   0.94   0.0003936481   0.65 
16    65536     0.0000152588    0.0161546077   0.33   0.0000130932   0.94   0.0002512397   0.65 

Speed:          a = 3.0 
CFL Number: sigma = 0.9 
Output Time:    T = 9.0