 k   M = 2^k     h = M^(-1)       Sup-Norm     Rate     One-Norm     Rate     Two-Norm     Rate 

 7     128      0.0078125000    0.2873164830   0.19   0.0377664422   0.57   0.0559583205   0.46 
 8     256      0.0039062500    0.2483616076   0.21   0.0243164469   0.64   0.0403667566   0.47 
 9     512      0.0019531250    0.2127140403   0.22   0.0152471465   0.67   0.0289684612   0.48 
10     1024     0.0009765625    0.1811102086   0.23   0.0093994647   0.70   0.0207132995   0.48 
11     2048     0.0004882812    0.1536017883   0.24   0.0057295472   0.71   0.0147697984   0.49 
12     4096     0.0002441406    0.1299296419   0.24   0.0034660387   0.73   0.0105093600   0.49 
13     8192     0.0001220703    0.1097084841   0.24   0.0020858639   0.73   0.0074657077   0.49 
14    16384     0.0000610352    0.0925196638   0.25   0.0012507613   0.74   0.0052970103   0.50 
15    32768     0.0000305176    0.0779568194   0.25   0.0007481264   0.74   0.0037548337   0.50 
16    65536     0.0000152588    0.0656467667   0.25   0.0004466981   0.74   0.0026598347   0.50 

Speed:          a = 3.0 
CFL Number: sigma = 0.9 
Output Time:    T = 9.0