 k   M = 2^k     h = M^(-1)       Sup-Norm     Rate     One-Norm     Rate     Two-Norm     Rate 

 7     128      0.0078125000    0.4953667402   0.06   0.0409529116   0.70   0.1121103480   0.35 
 8     256      0.0039062500    0.5135550908   0.05   0.0254003614   0.69   0.0884769685   0.34 
 9     512      0.0019531250    0.5293141572   0.04   0.0158640352   0.68   0.0700531645   0.34 
10     1024     0.0009765625    0.5423891400   0.04   0.0099612665   0.67   0.0556104806   0.33 
11     2048     0.0004882812    0.5528197327   0.03   0.0062773591   0.67   0.0442187532   0.33 
12     4096     0.0002441406    0.5609123902   0.02   0.0039639263   0.66   0.0351879719   0.33 
13     8192     0.0001220703    0.5671030553   0.02   0.0025053371   0.66   0.0280060323   0.33 
14    16384     0.0000610352    0.5718214683   0.01   0.0015837630   0.66   0.0222858519   0.33 
15    32768     0.0000305176    0.5754254432   0.01   0.0010009932   0.66   0.0177281812   0.33 
16    65536     0.0000152588    0.5781907481   0.01   0.0006324321   0.66   0.0140975165   0.33 

Speed:          a = 3.0 
CFL Number: sigma = 0.9 
Output Time:    T = 9.0