 k   M = 2^k     h = M^(-1)       Sup-Norm     Rate     One-Norm     Rate     Two-Norm     Rate 

 7     128      0.0078125000    1.0123372075   0.01   0.2059424131   0.97   0.4003893607   0.53 
 8     256      0.0039062500    1.0084186165   0.01   0.1061055874   0.96   0.2764481113   0.53 
 9     512      0.0019531250    1.0048434531   0.01   0.0560675654   0.92   0.1926472952   0.52 
10     1024     0.0009765625    1.0030381671   0.00   0.0306245048   0.87   0.1367067828   0.49 
11     2048     0.0004882812    1.0020098878   0.00   0.0170621135   0.84   0.0979596248   0.48 
12     4096     0.0002441406    1.0011617685   0.00   0.0096485383   0.82   0.0706658135   0.47 
13     8192     0.0001220703    1.0006662000   0.00   0.0055389890   0.80   0.0513318343   0.46 
14    16384     0.0000610352    0.9451861775   0.08   0.0032331949   0.78   0.0376491752   0.45 
15    32768     0.0000305176    0.8690932738   0.12   0.0019197313   0.75   0.0278341250   0.44 
16    65536     0.0000152588    0.7864590674   0.14   0.0011541456   0.73   0.0206265486   0.43 

Speed:          a = 3.0 
CFL Number: sigma = 0.9 
Output Time:    T = 9.0